conv1.0.weight: tensor([[[[-0.0525, -0.0633,  0.0302],
          [ 0.0200, -0.0232, -0.0720],
          [ 0.0719, -0.0471, -0.0727]],

         [[ 0.0654, -0.0345, -0.0174],
          [ 0.0256, -0.0005,  0.0459],
          [ 0.0376, -0.0856,  0.0383]],

         [[-0.0395, -0.0111,  0.0704],
          [ 0.0040,  0.0502,  0.0135],
          [-0.0179,  0.0805,  0.0762]],

         ...,

         [[-0.0941,  0.0864,  0.0759],
          [-0.0132, -0.0100,  0.0181],
          [-0.0792, -0.0384, -0.0380]],

         [[ 0.0595, -0.0554, -0.0341],
          [-0.0833, -0.0672, -0.0597],
          [ 0.0085,  0.0406, -0.0223]],

         [[-0.0309, -0.0853, -0.0790],
          [-0.0788, -0.0932, -0.0692],
          [ 0.0056, -0.0110, -0.0689]]],


        [[[-0.0354, -0.0363,  0.0166],
          [ 0.0891,  0.0611, -0.0665],
          [-0.0883,  0.0730,  0.0341]],

         [[ 0.0775, -0.0776,  0.0870],
          [-0.0189,  0.0668,  0.0095],
          [-0.0588,  0.0843, -0.0456]],

         [[-0.0232, -0.0440, -0.0121],
          [ 0.0426, -0.0740, -0.0878],
          [-0.0315, -0.0214, -0.0022]],

         ...,

         [[-0.0725,  0.0793, -0.0781],
          [-0.0244, -0.0285, -0.0066],
          [-0.0357,  0.0889,  0.0649]],

         [[ 0.0395,  0.0311,  0.0365],
          [-0.0769, -0.0008, -0.0008],
          [ 0.0230, -0.0154,  0.0147]],

         [[-0.0911,  0.0439, -0.0797],
          [-0.0213,  0.0829, -0.0831],
          [ 0.0792,  0.0560,  0.0812]]],


        [[[-0.0629, -0.0821,  0.0115],
          [ 0.0130, -0.0344, -0.0209],
          [-0.0506, -0.0430, -0.0434]],

         [[ 0.0090,  0.0714, -0.0427],
          [-0.0912,  0.0578,  0.0868],
          [-0.0033, -0.0334, -0.0386]],

         [[ 0.0297,  0.0684,  0.0652],
          [-0.0297,  0.0502, -0.0775],
          [-0.0257, -0.0459,  0.0533]],

         ...,

         [[-0.0119,  0.0094, -0.0484],
          [-0.0642, -0.0008,  0.0428],
          [-0.0368, -0.0507,  0.0180]],

         [[ 0.0600,  0.0273, -0.0133],
          [ 0.0147, -0.0120,  0.0830],
          [-0.0836, -0.0532, -0.0427]],

         [[ 0.0949, -0.0452,  0.0129],
          [-0.0573,  0.0879, -0.0487],
          [-0.0840, -0.0546, -0.0561]]],


        ...,


        [[[ 0.0431, -0.0693,  0.0547],
          [ 0.0620, -0.0044, -0.0586],
          [ 0.0295, -0.0610,  0.0294]],

         [[-0.0029, -0.0639,  0.0599],
          [-0.0561,  0.0146,  0.0725],
          [ 0.0145, -0.0017,  0.0305]],

         [[ 0.0307,  0.0420,  0.0238],
          [ 0.0226,  0.0621,  0.0837],
          [ 0.0940, -0.0873,  0.0321]],

         ...,

         [[-0.0187, -0.0242, -0.0133],
          [-0.0947,  0.0418,  0.0464],
          [ 0.0316, -0.0284,  0.0551]],

         [[ 0.0694,  0.0677, -0.0442],
          [-0.0222,  0.0297,  0.0272],
          [-0.0261, -0.0035, -0.0428]],

         [[ 0.0662,  0.0316, -0.0929],
          [-0.0589,  0.0531,  0.0776],
          [-0.0870, -0.0681,  0.0644]]],


        [[[ 0.0283, -0.0376, -0.0656],
          [-0.0015,  0.0448,  0.0263],
          [-0.0893,  0.0947, -0.0446]],

         [[ 0.0281,  0.0590, -0.0541],
          [ 0.0869,  0.0024, -0.0015],
          [ 0.0489, -0.0453,  0.0432]],

         [[-0.0189,  0.0358,  0.0676],
          [-0.0450, -0.0899, -0.0575],
          [-0.0346, -0.0029,  0.0448]],

         ...,

         [[-0.0374,  0.0235,  0.0734],
          [-0.0545, -0.0109,  0.0271],
          [ 0.0616,  0.0562,  0.0227]],

         [[ 0.0232, -0.0024, -0.0436],
          [-0.0279, -0.0059, -0.0082],
          [ 0.0851, -0.0698, -0.0286]],

         [[-0.0420,  0.0426, -0.0757],
          [ 0.0938,  0.0467,  0.0739],
          [-0.0763, -0.0915, -0.0763]]],


        [[[-0.0719,  0.0044,  0.0255],
          [-0.0435,  0.0734,  0.0478],
          [-0.0436, -0.0204, -0.0425]],

         [[ 0.0888, -0.0787, -0.0590],
          [-0.0563,  0.0173, -0.0769],
          [ 0.0769, -0.0720, -0.0516]],

         [[ 0.0316,  0.0188,  0.0554],
          [-0.0738, -0.0883,  0.0865],
          [-0.0115,  0.0723, -0.0158]],

         ...,

         [[-0.0613, -0.0756,  0.0851],
          [ 0.0704, -0.0099, -0.0821],
          [ 0.0109,  0.0176, -0.0561]],

         [[ 0.0180,  0.0163, -0.0570],
          [-0.0446, -0.0434, -0.0145],
          [ 0.0699,  0.0045,  0.0067]],

         [[ 0.0809,  0.0418,  0.0218],
          [-0.0464,  0.0525,  0.0482],
          [ 0.0505,  0.0052, -0.0552]]]])
conv1.0.bias: tensor([ 0.0405,  0.0016,  0.0101, -0.0921, -0.0745,  0.0511,  0.0914, -0.0411,
        -0.0357, -0.0133, -0.0515,  0.0670, -0.0236, -0.0736,  0.0761,  0.0931,
        -0.0901, -0.0417,  0.0523, -0.0146,  0.0154,  0.0946, -0.0042, -0.0950,
         0.0806,  0.0484, -0.0378, -0.0460,  0.0034,  0.0825, -0.0915, -0.0944,
        -0.0767, -0.0134,  0.0534, -0.0948, -0.0404, -0.0499,  0.0455, -0.0452,
        -0.0051,  0.0645, -0.0406,  0.0327, -0.0077,  0.0381,  0.0017, -0.0747,
         0.0401, -0.0316,  0.0144,  0.0404,  0.0785, -0.0897,  0.0930,  0.0496,
        -0.0371,  0.0448, -0.0770,  0.0106,  0.0763, -0.0829, -0.0660, -0.0511,
        -0.0039, -0.0414,  0.0724,  0.0298, -0.0152,  0.0070,  0.0309,  0.0411,
        -0.0359, -0.0294, -0.0602, -0.0546, -0.0424, -0.0629,  0.0184,  0.0867,
        -0.0676,  0.0655, -0.0903,  0.0841, -0.0662,  0.0542,  0.0705,  0.0125,
        -0.0914, -0.0530, -0.0342,  0.0371, -0.0228,  0.0687, -0.0843, -0.0710,
        -0.0715,  0.0014,  0.0369,  0.0490,  0.0692,  0.0428, -0.0563, -0.0479,
         0.0642, -0.0814, -0.0948,  0.0513,  0.0054, -0.0110, -0.0216,  0.0334,
         0.0888, -0.0636, -0.0138,  0.0359, -0.0577, -0.0275, -0.0914,  0.0212,
         0.0550, -0.0641, -0.0404, -0.0396, -0.0556,  0.0106, -0.0197,  0.0833,
        -0.0853,  0.0885,  0.0659,  0.0762, -0.0077,  0.0776, -0.0092, -0.0136,
         0.0678,  0.0339, -0.0190,  0.0110, -0.0931,  0.0533, -0.0902, -0.0935,
         0.0905, -0.0404,  0.0527, -0.0431, -0.0790, -0.0314,  0.0150,  0.0098,
        -0.0604, -0.0066,  0.0133,  0.0404, -0.0727,  0.0954,  0.0385, -0.0630,
         0.0323,  0.0672,  0.0621, -0.0728, -0.0261, -0.0127, -0.0076, -0.0098,
        -0.0731, -0.0741, -0.0497,  0.0799, -0.0429,  0.0793,  0.0923, -0.0639,
        -0.0080,  0.0229,  0.0878,  0.0247,  0.0737,  0.0828,  0.0540, -0.0512,
         0.0823, -0.0683,  0.0956, -0.0162, -0.0061, -0.0906,  0.0662, -0.0563,
         0.0589, -0.0860, -0.0303,  0.0431,  0.0683, -0.0689, -0.0341, -0.0133,
        -0.0847,  0.0141,  0.0211, -0.0751, -0.0497, -0.0071,  0.0745, -0.0811,
        -0.0647,  0.0601, -0.0462, -0.0934, -0.0052, -0.0451, -0.0783,  0.0196,
         0.0388,  0.0484, -0.0174, -0.0074, -0.0458,  0.0207, -0.0873, -0.0313,
         0.0913, -0.0571,  0.0467,  0.0429,  0.0956, -0.0824, -0.0759,  0.0612,
         0.0496,  0.0885, -0.0816,  0.0363, -0.0801, -0.0506, -0.0288, -0.0851,
         0.0504, -0.0907, -0.0729,  0.0445,  0.0054, -0.0669, -0.0635,  0.0199,
         0.0040,  0.0311, -0.0311, -0.0096, -0.0124, -0.0673, -0.0766, -0.0239])
conv1.1.weight: tensor([1., 1., 1., 1., 1., 1., 1., 1., 1., 1., 1., 1., 1., 1., 1., 1., 1., 1.,
        1., 1., 1., 1., 1., 1., 1., 1., 1., 1., 1., 1., 1., 1., 1., 1., 1., 1.,
        1., 1., 1., 1., 1., 1., 1., 1., 1., 1., 1., 1., 1., 1., 1., 1., 1., 1.,
        1., 1., 1., 1., 1., 1., 1., 1., 1., 1., 1., 1., 1., 1., 1., 1., 1., 1.,
        1., 1., 1., 1., 1., 1., 1., 1., 1., 1., 1., 1., 1., 1., 1., 1., 1., 1.,
        1., 1., 1., 1., 1., 1., 1., 1., 1., 1., 1., 1., 1., 1., 1., 1., 1., 1.,
        1., 1., 1., 1., 1., 1., 1., 1., 1., 1., 1., 1., 1., 1., 1., 1., 1., 1.,
        1., 1., 1., 1., 1., 1., 1., 1., 1., 1., 1., 1., 1., 1., 1., 1., 1., 1.,
        1., 1., 1., 1., 1., 1., 1., 1., 1., 1., 1., 1., 1., 1., 1., 1., 1., 1.,
        1., 1., 1., 1., 1., 1., 1., 1., 1., 1., 1., 1., 1., 1., 1., 1., 1., 1.,
        1., 1., 1., 1., 1., 1., 1., 1., 1., 1., 1., 1., 1., 1., 1., 1., 1., 1.,
        1., 1., 1., 1., 1., 1., 1., 1., 1., 1., 1., 1., 1., 1., 1., 1., 1., 1.,
        1., 1., 1., 1., 1., 1., 1., 1., 1., 1., 1., 1., 1., 1., 1., 1., 1., 1.,
        1., 1., 1., 1., 1., 1., 1., 1., 1., 1., 1., 1., 1., 1., 1., 1., 1., 1.,
        1., 1., 1., 1.])
conv1.1.bias: tensor([0., 0., 0., 0., 0., 0., 0., 0., 0., 0., 0., 0., 0., 0., 0., 0., 0., 0., 0., 0., 0., 0., 0., 0.,
        0., 0., 0., 0., 0., 0., 0., 0., 0., 0., 0., 0., 0., 0., 0., 0., 0., 0., 0., 0., 0., 0., 0., 0.,
        0., 0., 0., 0., 0., 0., 0., 0., 0., 0., 0., 0., 0., 0., 0., 0., 0., 0., 0., 0., 0., 0., 0., 0.,
        0., 0., 0., 0., 0., 0., 0., 0., 0., 0., 0., 0., 0., 0., 0., 0., 0., 0., 0., 0., 0., 0., 0., 0.,
        0., 0., 0., 0., 0., 0., 0., 0., 0., 0., 0., 0., 0., 0., 0., 0., 0., 0., 0., 0., 0., 0., 0., 0.,
        0., 0., 0., 0., 0., 0., 0., 0., 0., 0., 0., 0., 0., 0., 0., 0., 0., 0., 0., 0., 0., 0., 0., 0.,
        0., 0., 0., 0., 0., 0., 0., 0., 0., 0., 0., 0., 0., 0., 0., 0., 0., 0., 0., 0., 0., 0., 0., 0.,
        0., 0., 0., 0., 0., 0., 0., 0., 0., 0., 0., 0., 0., 0., 0., 0., 0., 0., 0., 0., 0., 0., 0., 0.,
        0., 0., 0., 0., 0., 0., 0., 0., 0., 0., 0., 0., 0., 0., 0., 0., 0., 0., 0., 0., 0., 0., 0., 0.,
        0., 0., 0., 0., 0., 0., 0., 0., 0., 0., 0., 0., 0., 0., 0., 0., 0., 0., 0., 0., 0., 0., 0., 0.,
        0., 0., 0., 0., 0., 0., 0., 0., 0., 0., 0., 0., 0., 0., 0., 0.])
conv1.1.running_mean: tensor([0., 0., 0., 0., 0., 0., 0., 0., 0., 0., 0., 0., 0., 0., 0., 0., 0., 0., 0., 0., 0., 0., 0., 0.,
        0., 0., 0., 0., 0., 0., 0., 0., 0., 0., 0., 0., 0., 0., 0., 0., 0., 0., 0., 0., 0., 0., 0., 0.,
        0., 0., 0., 0., 0., 0., 0., 0., 0., 0., 0., 0., 0., 0., 0., 0., 0., 0., 0., 0., 0., 0., 0., 0.,
        0., 0., 0., 0., 0., 0., 0., 0., 0., 0., 0., 0., 0., 0., 0., 0., 0., 0., 0., 0., 0., 0., 0., 0.,
        0., 0., 0., 0., 0., 0., 0., 0., 0., 0., 0., 0., 0., 0., 0., 0., 0., 0., 0., 0., 0., 0., 0., 0.,
        0., 0., 0., 0., 0., 0., 0., 0., 0., 0., 0., 0., 0., 0., 0., 0., 0., 0., 0., 0., 0., 0., 0., 0.,
        0., 0., 0., 0., 0., 0., 0., 0., 0., 0., 0., 0., 0., 0., 0., 0., 0., 0., 0., 0., 0., 0., 0., 0.,
        0., 0., 0., 0., 0., 0., 0., 0., 0., 0., 0., 0., 0., 0., 0., 0., 0., 0., 0., 0., 0., 0., 0., 0.,
        0., 0., 0., 0., 0., 0., 0., 0., 0., 0., 0., 0., 0., 0., 0., 0., 0., 0., 0., 0., 0., 0., 0., 0.,
        0., 0., 0., 0., 0., 0., 0., 0., 0., 0., 0., 0., 0., 0., 0., 0., 0., 0., 0., 0., 0., 0., 0., 0.,
        0., 0., 0., 0., 0., 0., 0., 0., 0., 0., 0., 0., 0., 0., 0., 0.])
conv1.1.running_var: tensor([1., 1., 1., 1., 1., 1., 1., 1., 1., 1., 1., 1., 1., 1., 1., 1., 1., 1.,
        1., 1., 1., 1., 1., 1., 1., 1., 1., 1., 1., 1., 1., 1., 1., 1., 1., 1.,
        1., 1., 1., 1., 1., 1., 1., 1., 1., 1., 1., 1., 1., 1., 1., 1., 1., 1.,
        1., 1., 1., 1., 1., 1., 1., 1., 1., 1., 1., 1., 1., 1., 1., 1., 1., 1.,
        1., 1., 1., 1., 1., 1., 1., 1., 1., 1., 1., 1., 1., 1., 1., 1., 1., 1.,
        1., 1., 1., 1., 1., 1., 1., 1., 1., 1., 1., 1., 1., 1., 1., 1., 1., 1.,
        1., 1., 1., 1., 1., 1., 1., 1., 1., 1., 1., 1., 1., 1., 1., 1., 1., 1.,
        1., 1., 1., 1., 1., 1., 1., 1., 1., 1., 1., 1., 1., 1., 1., 1., 1., 1.,
        1., 1., 1., 1., 1., 1., 1., 1., 1., 1., 1., 1., 1., 1., 1., 1., 1., 1.,
        1., 1., 1., 1., 1., 1., 1., 1., 1., 1., 1., 1., 1., 1., 1., 1., 1., 1.,
        1., 1., 1., 1., 1., 1., 1., 1., 1., 1., 1., 1., 1., 1., 1., 1., 1., 1.,
        1., 1., 1., 1., 1., 1., 1., 1., 1., 1., 1., 1., 1., 1., 1., 1., 1., 1.,
        1., 1., 1., 1., 1., 1., 1., 1., 1., 1., 1., 1., 1., 1., 1., 1., 1., 1.,
        1., 1., 1., 1., 1., 1., 1., 1., 1., 1., 1., 1., 1., 1., 1., 1., 1., 1.,
        1., 1., 1., 1.])
conv1.1.num_batches_tracked: 0
conv2.0.weight: tensor([[[[ 5.5296e-03, -8.6925e-03, -1.3020e-02],
          [-1.0415e-02,  1.9290e-03, -1.0954e-02],
          [ 5.2391e-03,  9.7220e-03, -4.2403e-03]],

         [[ 1.5615e-02, -1.6674e-02, -1.7584e-02],
          [ 1.4572e-03, -7.2680e-03, -1.9582e-02],
          [ 1.5035e-02,  1.6707e-02, -2.0707e-02]],

         [[-1.3644e-02,  1.9006e-02,  1.4629e-02],
          [-7.3743e-03,  1.1334e-02,  9.2339e-03],
          [ 1.3951e-02,  1.1350e-02, -1.1008e-02]],

         ...,

         [[ 2.5481e-03,  1.8090e-03,  1.8467e-02],
          [-3.1139e-03, -1.6361e-02,  1.8457e-02],
          [-1.1331e-02,  8.7281e-03, -1.5087e-02]],

         [[ 2.4335e-03, -9.0383e-05, -1.2441e-02],
          [ 3.9245e-03,  2.5350e-03, -8.1559e-03],
          [-1.9950e-02,  1.3345e-02, -1.2439e-02]],

         [[-2.2914e-03,  2.9057e-03,  2.0790e-02],
          [-1.4414e-02, -1.5091e-02,  1.7834e-02],
          [ 9.6572e-03, -2.0016e-02,  1.0669e-03]]],


        [[[ 1.6661e-02, -1.4654e-02,  1.8175e-03],
          [-1.8687e-02, -1.9853e-02,  1.2329e-02],
          [ 1.4695e-02,  1.8689e-02,  1.8178e-02]],

         [[ 1.6533e-02, -1.9437e-02,  1.0880e-02],
          [-4.6025e-03, -9.1082e-03,  1.9291e-02],
          [ 7.0617e-03, -1.4175e-02,  1.9111e-03]],

         [[-8.1609e-03, -1.5393e-02, -2.0400e-02],
          [ 5.3213e-03,  4.9275e-03, -1.1390e-02],
          [ 1.1307e-03,  1.4986e-02, -1.5133e-02]],

         ...,

         [[-1.7760e-02, -1.0559e-02,  7.2571e-03],
          [ 1.3801e-03, -1.5750e-02,  7.9585e-03],
          [-1.4348e-03, -1.7466e-02,  1.2125e-02]],

         [[ 9.2513e-03, -2.9812e-03,  1.9556e-02],
          [ 1.0912e-02, -5.5537e-03,  8.1247e-03],
          [-1.5173e-02, -1.6235e-02, -1.1315e-03]],

         [[ 1.1477e-02, -1.2199e-02,  1.8171e-02],
          [ 7.1641e-03, -1.7850e-02, -1.8173e-02],
          [ 1.4693e-02,  6.9537e-03, -1.2321e-02]]],


        [[[ 4.9603e-03,  6.8667e-03, -2.0173e-03],
          [-5.3425e-03,  1.8550e-02, -9.1501e-03],
          [-1.5706e-02,  6.7475e-03,  2.9481e-03]],

         [[-1.4173e-02, -1.6619e-02,  1.6512e-02],
          [ 1.2946e-02, -1.5097e-02, -1.1097e-02],
          [ 6.5908e-04,  8.3276e-03,  6.2801e-03]],

         [[ 5.5773e-03,  2.9534e-03, -6.7630e-03],
          [ 3.9732e-05,  1.6917e-02, -5.5875e-04],
          [-4.9704e-03, -7.0314e-03,  1.9261e-03]],

         ...,

         [[ 1.2258e-02,  1.5248e-02, -9.0009e-03],
          [-2.8026e-03,  1.1040e-03,  1.1774e-03],
          [-9.8040e-04,  1.5093e-02, -5.9098e-03]],

         [[-1.4130e-02,  8.9721e-03, -2.7648e-03],
          [-1.3021e-02, -9.2153e-04, -2.0694e-03],
          [ 1.9956e-02,  8.4908e-04, -5.8884e-03]],

         [[-4.0501e-03, -1.0023e-02, -1.6891e-02],
          [-1.8921e-02, -3.0836e-03, -1.4959e-02],
          [-1.0320e-02, -1.1480e-02, -2.0471e-02]]],


        ...,


        [[[ 2.0622e-02, -5.2836e-03,  8.3412e-03],
          [ 7.6024e-03, -8.7065e-03,  6.7703e-03],
          [ 1.5675e-03, -8.3130e-03, -4.0830e-03]],

         [[ 1.4485e-02,  1.0296e-02, -2.0196e-02],
          [-1.4428e-02, -8.0765e-03, -8.5190e-03],
          [ 1.7720e-03,  1.4966e-02,  6.5091e-03]],

         [[-9.2260e-03,  7.6942e-03, -1.3491e-02],
          [ 1.3529e-02, -9.3090e-03,  8.9138e-03],
          [-1.8160e-02,  2.0827e-02, -1.2691e-02]],

         ...,

         [[-8.9311e-03, -1.0833e-02,  4.9937e-03],
          [ 2.9193e-03, -2.0761e-02,  5.0032e-04],
          [ 1.2716e-02, -1.1985e-02, -1.1861e-02]],

         [[ 1.8961e-02,  4.9257e-03, -5.7814e-04],
          [-1.1548e-02,  1.8943e-02, -5.1217e-03],
          [-1.5356e-02,  1.8396e-02, -6.0802e-05]],

         [[-5.8728e-03,  7.5669e-03,  1.8630e-02],
          [-2.0504e-02, -9.7681e-03,  2.4663e-03],
          [-1.6261e-02,  1.4696e-03, -1.1477e-02]]],


        [[[ 1.7854e-02,  1.4339e-02, -1.5718e-03],
          [ 4.0863e-03, -6.4943e-03,  1.5545e-02],
          [-6.6719e-03,  6.7953e-03,  1.6146e-02]],

         [[-1.9721e-02, -1.4780e-03, -1.2077e-02],
          [ 1.4695e-02, -1.3204e-02, -2.0759e-02],
          [-1.4586e-02,  9.2412e-03, -5.2404e-03]],

         [[-1.3926e-02,  6.1043e-03, -7.4178e-03],
          [ 3.9254e-03, -6.6078e-03, -4.1186e-03],
          [ 3.1813e-03, -2.0399e-02,  6.8868e-03]],

         ...,

         [[ 1.0882e-02,  5.0595e-03,  1.8144e-02],
          [-2.0297e-02, -8.1997e-03,  4.5865e-03],
          [-1.5172e-02,  2.0790e-02, -1.2438e-02]],

         [[-3.2726e-03,  1.4762e-02,  1.3828e-02],
          [-4.1431e-03,  1.7326e-02, -1.5404e-02],
          [-1.6607e-02,  5.3342e-03, -6.8678e-04]],

         [[ 1.6920e-03,  2.9216e-03,  1.5970e-02],
          [ 6.8074e-03, -8.7948e-03,  1.8429e-02],
          [ 1.3046e-02,  1.3487e-02,  2.0242e-02]]],


        [[[-1.2045e-02,  8.0476e-05, -1.4414e-02],
          [-6.0099e-03,  5.8752e-03, -9.7501e-03],
          [-1.3750e-03, -1.9617e-02, -9.3309e-03]],

         [[-9.8642e-03, -1.9614e-02, -1.7906e-02],
          [ 1.8670e-02, -2.0360e-02,  1.1206e-02],
          [-1.9982e-02, -6.6572e-03, -1.7851e-02]],

         [[ 6.7040e-03,  1.9237e-02,  9.5018e-03],
          [-7.7964e-03, -1.5086e-02, -6.4562e-03],
          [ 1.9084e-02, -1.2816e-02, -4.2343e-03]],

         ...,

         [[ 8.4452e-03,  1.8644e-02,  2.3569e-03],
          [ 1.8703e-02, -1.3363e-02,  1.5255e-02],
          [-6.3935e-03, -1.6588e-03, -1.4601e-03]],

         [[ 9.5098e-03,  1.4388e-02, -2.2123e-03],
          [ 4.6570e-03,  4.3805e-03, -2.3826e-03],
          [-1.9281e-02,  7.1973e-03, -8.5054e-03]],

         [[ 1.0023e-02,  1.4165e-02, -1.4710e-02],
          [-1.0034e-02,  2.0761e-02, -1.3237e-02],
          [ 1.6010e-02,  1.6817e-02, -5.2982e-03]]]])
conv2.0.bias: tensor([-1.7327e-02,  6.2064e-03,  1.1180e-02, -6.4366e-03, -2.0955e-03,
         1.1258e-02,  1.3548e-03,  1.7978e-02, -1.4720e-02, -8.0018e-03,
        -1.6659e-02,  1.9717e-02, -1.1691e-02, -3.4647e-03,  6.4989e-03,
        -1.5217e-02,  8.1837e-03, -8.1599e-03,  1.3356e-02, -4.1386e-03,
        -1.2468e-03, -1.7397e-02, -4.5049e-04,  9.4706e-03, -1.2573e-02,
        -1.5629e-02, -5.5645e-03, -1.2979e-02, -5.7944e-03, -1.9917e-02,
        -9.1139e-03,  9.8664e-03, -1.0885e-02, -1.8882e-02,  1.9812e-02,
         8.7088e-03,  3.9871e-03, -1.5817e-02,  5.8470e-03,  1.8352e-02,
         1.9320e-02, -1.6285e-02,  2.0626e-03, -1.9995e-02,  1.8020e-03,
        -8.2337e-04,  9.0418e-03, -1.8335e-02,  6.2917e-03,  1.9250e-02,
         6.8554e-03, -1.2919e-02,  1.2396e-02,  1.7763e-02,  1.4664e-02,
         6.5185e-03, -1.5595e-02, -7.8754e-03,  2.5546e-03, -4.8723e-03,
         4.3911e-03, -1.6184e-02, -1.7811e-02, -2.7169e-03, -4.2517e-03,
        -1.7943e-02,  5.3119e-03, -1.9741e-02,  3.8222e-03, -1.8779e-02,
        -1.9730e-02,  1.7101e-02, -1.5176e-02, -1.6259e-02, -7.4663e-04,
        -1.7702e-02,  1.6286e-02, -1.8570e-02, -5.9525e-03, -1.9260e-02,
         8.5849e-03,  1.7070e-02, -5.5213e-03,  1.4930e-02, -3.6628e-03,
        -1.2950e-02, -1.0004e-02,  1.0873e-02, -9.5626e-03, -6.4735e-03,
         7.0024e-04, -1.2422e-02,  1.2497e-03,  1.7476e-02, -1.9040e-02,
        -1.2765e-02,  9.0859e-03,  2.0409e-02, -6.8791e-03,  2.0504e-02,
         5.9171e-03,  1.6546e-02, -1.0807e-04,  6.6069e-03,  5.9191e-03,
         1.7138e-02,  1.8989e-02,  1.5887e-03, -1.3242e-02, -6.4095e-03,
         9.4015e-03,  3.2281e-03, -4.4213e-03, -4.4768e-03, -7.2257e-03,
        -1.1448e-02,  1.6383e-02, -8.6507e-03, -1.9235e-02,  1.6608e-02,
        -1.7622e-02,  7.9413e-03, -1.9724e-02, -1.0578e-02, -1.3328e-02,
         1.3880e-02,  8.2004e-03, -1.1925e-02,  1.8552e-02,  9.9854e-03,
        -1.3412e-02,  1.2915e-02, -9.5384e-05,  1.1150e-02,  8.0776e-04,
         4.6197e-04, -9.2415e-03, -1.9059e-02, -4.4106e-03,  3.6261e-03,
        -3.3329e-03,  1.7622e-02,  9.6415e-04,  7.8271e-04, -1.7039e-02,
        -1.9348e-02,  1.4804e-02,  9.5998e-03,  5.9169e-03, -1.7821e-02,
         1.4175e-02,  1.6734e-02, -1.6082e-02,  5.5981e-03,  4.3749e-03,
         1.9988e-02,  7.8964e-03, -8.3003e-03,  1.5277e-02, -1.7094e-03,
        -2.0200e-02, -1.3200e-02, -8.0446e-03, -1.3918e-03, -1.5106e-02,
        -9.1196e-03,  1.4430e-02,  6.1058e-04,  1.6555e-02,  4.4517e-03,
         1.2179e-02,  1.4531e-02,  1.1064e-02,  2.8525e-03,  1.0272e-02,
         1.5525e-02,  8.5307e-03, -1.1923e-02,  1.8463e-02,  1.6101e-02,
        -1.2606e-02, -1.7903e-02,  1.0882e-02,  1.5415e-02,  1.7353e-02,
        -1.2385e-02,  1.9862e-02,  3.7093e-03, -1.0049e-02, -1.0762e-02,
         1.5752e-02,  5.6308e-03,  1.4524e-02,  1.5182e-02,  1.6848e-02,
         1.9195e-02,  1.0288e-02, -1.1790e-02, -5.2428e-03,  5.3162e-03,
        -5.2751e-03, -5.6598e-03, -1.1674e-02, -1.2437e-03, -4.3431e-03,
        -5.2323e-03,  8.4443e-03,  7.5515e-03, -1.1498e-02, -1.7720e-02,
        -1.1251e-02,  1.5180e-02,  4.2024e-03,  1.7935e-02,  2.0218e-02,
         4.7091e-03,  9.1558e-03,  1.6021e-02, -6.1799e-04, -7.9685e-03,
         1.5862e-02, -8.7363e-03, -1.2377e-02, -4.1099e-03, -2.0441e-02,
        -1.8614e-02, -2.1396e-03,  1.4211e-02, -1.1633e-02,  3.5174e-03,
         7.6867e-03, -1.6448e-02, -1.6011e-02, -5.3844e-03,  1.2722e-02,
         9.7865e-03, -9.0860e-03,  5.9811e-03, -1.0395e-02, -6.7931e-03,
        -1.4712e-02, -1.8045e-02, -9.3797e-03,  1.3410e-02,  1.2873e-02,
        -8.2234e-03, -2.0811e-02, -7.8322e-03,  1.5070e-02, -2.6966e-04,
        -1.6387e-02,  7.7545e-03,  1.1857e-02,  1.3813e-02, -7.2337e-03,
         1.8070e-02])
conv2.1.weight: tensor([1., 1., 1., 1., 1., 1., 1., 1., 1., 1., 1., 1., 1., 1., 1., 1., 1., 1.,
        1., 1., 1., 1., 1., 1., 1., 1., 1., 1., 1., 1., 1., 1., 1., 1., 1., 1.,
        1., 1., 1., 1., 1., 1., 1., 1., 1., 1., 1., 1., 1., 1., 1., 1., 1., 1.,
        1., 1., 1., 1., 1., 1., 1., 1., 1., 1., 1., 1., 1., 1., 1., 1., 1., 1.,
        1., 1., 1., 1., 1., 1., 1., 1., 1., 1., 1., 1., 1., 1., 1., 1., 1., 1.,
        1., 1., 1., 1., 1., 1., 1., 1., 1., 1., 1., 1., 1., 1., 1., 1., 1., 1.,
        1., 1., 1., 1., 1., 1., 1., 1., 1., 1., 1., 1., 1., 1., 1., 1., 1., 1.,
        1., 1., 1., 1., 1., 1., 1., 1., 1., 1., 1., 1., 1., 1., 1., 1., 1., 1.,
        1., 1., 1., 1., 1., 1., 1., 1., 1., 1., 1., 1., 1., 1., 1., 1., 1., 1.,
        1., 1., 1., 1., 1., 1., 1., 1., 1., 1., 1., 1., 1., 1., 1., 1., 1., 1.,
        1., 1., 1., 1., 1., 1., 1., 1., 1., 1., 1., 1., 1., 1., 1., 1., 1., 1.,
        1., 1., 1., 1., 1., 1., 1., 1., 1., 1., 1., 1., 1., 1., 1., 1., 1., 1.,
        1., 1., 1., 1., 1., 1., 1., 1., 1., 1., 1., 1., 1., 1., 1., 1., 1., 1.,
        1., 1., 1., 1., 1., 1., 1., 1., 1., 1., 1., 1., 1., 1., 1., 1., 1., 1.,
        1., 1., 1., 1.])
conv2.1.bias: tensor([0., 0., 0., 0., 0., 0., 0., 0., 0., 0., 0., 0., 0., 0., 0., 0., 0., 0., 0., 0., 0., 0., 0., 0.,
        0., 0., 0., 0., 0., 0., 0., 0., 0., 0., 0., 0., 0., 0., 0., 0., 0., 0., 0., 0., 0., 0., 0., 0.,
        0., 0., 0., 0., 0., 0., 0., 0., 0., 0., 0., 0., 0., 0., 0., 0., 0., 0., 0., 0., 0., 0., 0., 0.,
        0., 0., 0., 0., 0., 0., 0., 0., 0., 0., 0., 0., 0., 0., 0., 0., 0., 0., 0., 0., 0., 0., 0., 0.,
        0., 0., 0., 0., 0., 0., 0., 0., 0., 0., 0., 0., 0., 0., 0., 0., 0., 0., 0., 0., 0., 0., 0., 0.,
        0., 0., 0., 0., 0., 0., 0., 0., 0., 0., 0., 0., 0., 0., 0., 0., 0., 0., 0., 0., 0., 0., 0., 0.,
        0., 0., 0., 0., 0., 0., 0., 0., 0., 0., 0., 0., 0., 0., 0., 0., 0., 0., 0., 0., 0., 0., 0., 0.,
        0., 0., 0., 0., 0., 0., 0., 0., 0., 0., 0., 0., 0., 0., 0., 0., 0., 0., 0., 0., 0., 0., 0., 0.,
        0., 0., 0., 0., 0., 0., 0., 0., 0., 0., 0., 0., 0., 0., 0., 0., 0., 0., 0., 0., 0., 0., 0., 0.,
        0., 0., 0., 0., 0., 0., 0., 0., 0., 0., 0., 0., 0., 0., 0., 0., 0., 0., 0., 0., 0., 0., 0., 0.,
        0., 0., 0., 0., 0., 0., 0., 0., 0., 0., 0., 0., 0., 0., 0., 0.])
conv2.1.running_mean: tensor([0., 0., 0., 0., 0., 0., 0., 0., 0., 0., 0., 0., 0., 0., 0., 0., 0., 0., 0., 0., 0., 0., 0., 0.,
        0., 0., 0., 0., 0., 0., 0., 0., 0., 0., 0., 0., 0., 0., 0., 0., 0., 0., 0., 0., 0., 0., 0., 0.,
        0., 0., 0., 0., 0., 0., 0., 0., 0., 0., 0., 0., 0., 0., 0., 0., 0., 0., 0., 0., 0., 0., 0., 0.,
        0., 0., 0., 0., 0., 0., 0., 0., 0., 0., 0., 0., 0., 0., 0., 0., 0., 0., 0., 0., 0., 0., 0., 0.,
        0., 0., 0., 0., 0., 0., 0., 0., 0., 0., 0., 0., 0., 0., 0., 0., 0., 0., 0., 0., 0., 0., 0., 0.,
        0., 0., 0., 0., 0., 0., 0., 0., 0., 0., 0., 0., 0., 0., 0., 0., 0., 0., 0., 0., 0., 0., 0., 0.,
        0., 0., 0., 0., 0., 0., 0., 0., 0., 0., 0., 0., 0., 0., 0., 0., 0., 0., 0., 0., 0., 0., 0., 0.,
        0., 0., 0., 0., 0., 0., 0., 0., 0., 0., 0., 0., 0., 0., 0., 0., 0., 0., 0., 0., 0., 0., 0., 0.,
        0., 0., 0., 0., 0., 0., 0., 0., 0., 0., 0., 0., 0., 0., 0., 0., 0., 0., 0., 0., 0., 0., 0., 0.,
        0., 0., 0., 0., 0., 0., 0., 0., 0., 0., 0., 0., 0., 0., 0., 0., 0., 0., 0., 0., 0., 0., 0., 0.,
        0., 0., 0., 0., 0., 0., 0., 0., 0., 0., 0., 0., 0., 0., 0., 0.])
conv2.1.running_var: tensor([1., 1., 1., 1., 1., 1., 1., 1., 1., 1., 1., 1., 1., 1., 1., 1., 1., 1.,
        1., 1., 1., 1., 1., 1., 1., 1., 1., 1., 1., 1., 1., 1., 1., 1., 1., 1.,
        1., 1., 1., 1., 1., 1., 1., 1., 1., 1., 1., 1., 1., 1., 1., 1., 1., 1.,
        1., 1., 1., 1., 1., 1., 1., 1., 1., 1., 1., 1., 1., 1., 1., 1., 1., 1.,
        1., 1., 1., 1., 1., 1., 1., 1., 1., 1., 1., 1., 1., 1., 1., 1., 1., 1.,
        1., 1., 1., 1., 1., 1., 1., 1., 1., 1., 1., 1., 1., 1., 1., 1., 1., 1.,
        1., 1., 1., 1., 1., 1., 1., 1., 1., 1., 1., 1., 1., 1., 1., 1., 1., 1.,
        1., 1., 1., 1., 1., 1., 1., 1., 1., 1., 1., 1., 1., 1., 1., 1., 1., 1.,
        1., 1., 1., 1., 1., 1., 1., 1., 1., 1., 1., 1., 1., 1., 1., 1., 1., 1.,
        1., 1., 1., 1., 1., 1., 1., 1., 1., 1., 1., 1., 1., 1., 1., 1., 1., 1.,
        1., 1., 1., 1., 1., 1., 1., 1., 1., 1., 1., 1., 1., 1., 1., 1., 1., 1.,
        1., 1., 1., 1., 1., 1., 1., 1., 1., 1., 1., 1., 1., 1., 1., 1., 1., 1.,
        1., 1., 1., 1., 1., 1., 1., 1., 1., 1., 1., 1., 1., 1., 1., 1., 1., 1.,
        1., 1., 1., 1., 1., 1., 1., 1., 1., 1., 1., 1., 1., 1., 1., 1., 1., 1.,
        1., 1., 1., 1.])
conv2.1.num_batches_tracked: 0
net1.0.weight: tensor([[[[-0.0080]],

         [[-0.0100]],

         [[-0.0527]],

         [[-0.0594]],

         [[-0.0263]],

         [[-0.0520]],

         [[-0.0028]],

         [[-0.0134]],

         [[-0.0322]],

         [[ 0.0238]],

         [[ 0.0008]],

         [[ 0.0584]],

         [[-0.0173]],

         [[-0.0266]],

         [[ 0.0010]],

         [[-0.0074]],

         [[ 0.0237]],

         [[-0.0024]],

         [[-0.0429]],

         [[-0.0072]],

         [[ 0.0002]],

         [[ 0.0382]],

         [[ 0.0623]],

         [[-0.0381]],

         [[-0.0449]],

         [[ 0.0512]],

         [[-0.0357]],

         [[ 0.0510]],

         [[-0.0360]],

         [[ 0.0256]],

         [[ 0.0422]],

         [[-0.0458]],

         [[ 0.0488]],

         [[ 0.0183]],

         [[-0.0299]],

         [[-0.0550]],

         [[-0.0213]],

         [[ 0.0211]],

         [[-0.0206]],

         [[ 0.0423]],

         [[ 0.0096]],

         [[-0.0196]],

         [[-0.0534]],

         [[ 0.0349]],

         [[ 0.0263]],

         [[-0.0519]],

         [[-0.0106]],

         [[-0.0392]],

         [[-0.0161]],

         [[-0.0048]],

         [[-0.0622]],

         [[-0.0192]],

         [[ 0.0102]],

         [[-0.0150]],

         [[ 0.0288]],

         [[ 0.0529]],

         [[-0.0379]],

         [[ 0.0053]],

         [[ 0.0599]],

         [[ 0.0289]],

         [[-0.0233]],

         [[-0.0405]],

         [[-0.0594]],

         [[-0.0066]],

         [[ 0.0292]],

         [[ 0.0040]],

         [[-0.0119]],

         [[ 0.0604]],

         [[-0.0233]],

         [[-0.0042]],

         [[-0.0109]],

         [[ 0.0033]],

         [[ 0.0611]],

         [[ 0.0425]],

         [[ 0.0508]],

         [[ 0.0183]],

         [[-0.0161]],

         [[ 0.0447]],

         [[ 0.0049]],

         [[-0.0392]],

         [[ 0.0191]],

         [[ 0.0423]],

         [[ 0.0567]],

         [[ 0.0601]],

         [[ 0.0595]],

         [[ 0.0119]],

         [[-0.0045]],

         [[ 0.0487]],

         [[-0.0615]],

         [[-0.0449]],

         [[-0.0312]],

         [[ 0.0603]],

         [[ 0.0373]],

         [[ 0.0143]],

         [[ 0.0572]],

         [[-0.0061]],

         [[ 0.0274]],

         [[-0.0253]],

         [[ 0.0417]],

         [[ 0.0293]],

         [[-0.0306]],

         [[-0.0398]],

         [[ 0.0475]],

         [[ 0.0048]],

         [[ 0.0236]],

         [[-0.0361]],

         [[-0.0095]],

         [[-0.0600]],

         [[-0.0311]],

         [[ 0.0028]],

         [[ 0.0575]],

         [[-0.0299]],

         [[ 0.0197]],

         [[ 0.0607]],

         [[-0.0108]],

         [[ 0.0531]],

         [[-0.0220]],

         [[-0.0241]],

         [[-0.0034]],

         [[ 0.0136]],

         [[-0.0003]],

         [[-0.0385]],

         [[ 0.0517]],

         [[ 0.0506]],

         [[-0.0041]],

         [[ 0.0448]],

         [[ 0.0523]],

         [[ 0.0189]],

         [[-0.0196]],

         [[ 0.0041]],

         [[-0.0123]],

         [[-0.0044]],

         [[-0.0412]],

         [[-0.0104]],

         [[-0.0186]],

         [[ 0.0243]],

         [[ 0.0496]],

         [[ 0.0109]],

         [[-0.0317]],

         [[ 0.0034]],

         [[-0.0006]],

         [[ 0.0331]],

         [[ 0.0039]],

         [[ 0.0303]],

         [[-0.0137]],

         [[-0.0216]],

         [[-0.0389]],

         [[-0.0324]],

         [[-0.0564]],

         [[ 0.0579]],

         [[-0.0461]],

         [[-0.0394]],

         [[-0.0249]],

         [[-0.0192]],

         [[-0.0225]],

         [[-0.0008]],

         [[ 0.0569]],

         [[-0.0561]],

         [[ 0.0206]],

         [[ 0.0166]],

         [[ 0.0013]],

         [[-0.0156]],

         [[-0.0393]],

         [[-0.0261]],

         [[-0.0247]],

         [[-0.0509]],

         [[-0.0401]],

         [[-0.0348]],

         [[ 0.0038]],

         [[-0.0602]],

         [[ 0.0136]],

         [[-0.0517]],

         [[-0.0224]],

         [[-0.0072]],

         [[ 0.0612]],

         [[-0.0051]],

         [[-0.0065]],

         [[ 0.0113]],

         [[ 0.0107]],

         [[ 0.0585]],

         [[-0.0351]],

         [[-0.0361]],

         [[ 0.0270]],

         [[ 0.0287]],

         [[-0.0520]],

         [[-0.0348]],

         [[-0.0136]],

         [[ 0.0601]],

         [[-0.0044]],

         [[ 0.0167]],

         [[-0.0197]],

         [[-0.0483]],

         [[ 0.0489]],

         [[ 0.0228]],

         [[ 0.0189]],

         [[-0.0142]],

         [[ 0.0067]],

         [[ 0.0153]],

         [[ 0.0342]],

         [[ 0.0371]],

         [[-0.0506]],

         [[ 0.0326]],

         [[-0.0310]],

         [[ 0.0080]],

         [[ 0.0232]],

         [[ 0.0224]],

         [[-0.0018]],

         [[ 0.0255]],

         [[-0.0312]],

         [[ 0.0166]],

         [[-0.0547]],

         [[-0.0364]],

         [[ 0.0319]],

         [[-0.0211]],

         [[-0.0279]],

         [[ 0.0556]],

         [[-0.0585]],

         [[-0.0240]],

         [[ 0.0235]],

         [[-0.0136]],

         [[ 0.0370]],

         [[-0.0363]],

         [[-0.0054]],

         [[-0.0267]],

         [[-0.0338]],

         [[ 0.0205]],

         [[-0.0497]],

         [[-0.0046]],

         [[-0.0474]],

         [[-0.0349]],

         [[ 0.0587]],

         [[-0.0470]],

         [[-0.0270]],

         [[-0.0172]],

         [[-0.0562]],

         [[-0.0510]],

         [[ 0.0110]],

         [[-0.0592]],

         [[-0.0618]],

         [[-0.0230]],

         [[-0.0231]],

         [[-0.0526]],

         [[ 0.0567]],

         [[-0.0145]],

         [[ 0.0162]],

         [[ 0.0370]],

         [[-0.0457]],

         [[-0.0357]],

         [[-0.0222]],

         [[ 0.0207]],

         [[-0.0503]],

         [[ 0.0555]],

         [[ 0.0365]],

         [[ 0.0060]],

         [[-0.0103]],

         [[-0.0022]]],


        [[[-0.0522]],

         [[ 0.0574]],

         [[-0.0343]],

         [[-0.0237]],

         [[-0.0388]],

         [[-0.0402]],

         [[-0.0029]],

         [[ 0.0136]],

         [[ 0.0103]],

         [[-0.0495]],

         [[-0.0150]],

         [[ 0.0268]],

         [[-0.0013]],

         [[ 0.0050]],

         [[-0.0297]],

         [[ 0.0523]],

         [[-0.0526]],

         [[-0.0513]],

         [[ 0.0477]],

         [[-0.0081]],

         [[ 0.0209]],

         [[ 0.0541]],

         [[-0.0065]],

         [[ 0.0477]],

         [[-0.0510]],

         [[ 0.0245]],

         [[-0.0247]],

         [[-0.0281]],

         [[ 0.0205]],

         [[ 0.0535]],

         [[-0.0082]],

         [[-0.0390]],

         [[-0.0276]],

         [[-0.0232]],

         [[-0.0592]],

         [[ 0.0082]],

         [[ 0.0437]],

         [[ 0.0521]],

         [[-0.0590]],

         [[-0.0126]],

         [[-0.0122]],

         [[-0.0461]],

         [[-0.0295]],

         [[ 0.0150]],

         [[ 0.0605]],

         [[ 0.0283]],

         [[-0.0173]],

         [[ 0.0107]],

         [[-0.0368]],

         [[-0.0351]],

         [[ 0.0411]],

         [[ 0.0190]],

         [[ 0.0540]],

         [[ 0.0436]],

         [[ 0.0247]],

         [[ 0.0065]],

         [[-0.0599]],

         [[ 0.0492]],

         [[-0.0592]],

         [[-0.0546]],

         [[-0.0030]],

         [[ 0.0497]],

         [[-0.0054]],

         [[-0.0612]],

         [[ 0.0595]],

         [[ 0.0293]],

         [[ 0.0303]],

         [[-0.0179]],

         [[-0.0572]],

         [[-0.0131]],

         [[ 0.0543]],

         [[-0.0347]],

         [[ 0.0029]],

         [[-0.0138]],

         [[-0.0571]],

         [[-0.0446]],

         [[ 0.0407]],

         [[-0.0542]],

         [[ 0.0267]],

         [[-0.0599]],

         [[ 0.0080]],

         [[-0.0449]],

         [[ 0.0519]],

         [[-0.0131]],

         [[-0.0381]],

         [[-0.0194]],

         [[-0.0197]],

         [[ 0.0432]],

         [[ 0.0615]],

         [[-0.0119]],

         [[-0.0093]],

         [[ 0.0543]],

         [[ 0.0375]],

         [[-0.0446]],

         [[-0.0075]],

         [[-0.0471]],

         [[-0.0322]],

         [[ 0.0551]],

         [[ 0.0181]],

         [[-0.0367]],

         [[ 0.0419]],

         [[-0.0261]],

         [[-0.0022]],

         [[-0.0597]],

         [[-0.0285]],

         [[-0.0256]],

         [[ 0.0125]],

         [[-0.0390]],

         [[ 0.0430]],

         [[-0.0420]],

         [[-0.0375]],

         [[ 0.0463]],

         [[-0.0259]],

         [[ 0.0305]],

         [[-0.0544]],

         [[ 0.0403]],

         [[ 0.0232]],

         [[-0.0462]],

         [[-0.0069]],

         [[ 0.0548]],

         [[-0.0386]],

         [[ 0.0388]],

         [[ 0.0493]],

         [[-0.0259]],

         [[ 0.0364]],

         [[ 0.0384]],

         [[ 0.0484]],

         [[-0.0447]],

         [[-0.0275]],

         [[ 0.0302]],

         [[-0.0448]],

         [[ 0.0415]],

         [[ 0.0014]],

         [[-0.0391]],

         [[-0.0278]],

         [[-0.0615]],

         [[ 0.0060]],

         [[ 0.0429]],

         [[ 0.0490]],

         [[ 0.0023]],

         [[ 0.0436]],

         [[-0.0150]],

         [[ 0.0454]],

         [[-0.0051]],

         [[ 0.0322]],

         [[-0.0328]],

         [[ 0.0019]],

         [[ 0.0589]],

         [[ 0.0318]],

         [[ 0.0098]],

         [[ 0.0246]],

         [[ 0.0216]],

         [[-0.0075]],

         [[ 0.0499]],

         [[ 0.0256]],

         [[ 0.0450]],

         [[-0.0452]],

         [[ 0.0620]],

         [[ 0.0565]],

         [[-0.0200]],

         [[ 0.0572]],

         [[-0.0485]],

         [[ 0.0475]],

         [[ 0.0331]],

         [[-0.0168]],

         [[-0.0555]],

         [[-0.0602]],

         [[-0.0299]],

         [[-0.0216]],

         [[ 0.0367]],

         [[-0.0398]],

         [[ 0.0140]],

         [[-0.0351]],

         [[ 0.0567]],

         [[-0.0111]],

         [[ 0.0016]],

         [[-0.0093]],

         [[-0.0274]],

         [[ 0.0128]],

         [[-0.0194]],

         [[-0.0329]],

         [[-0.0623]],

         [[ 0.0157]],

         [[-0.0042]],

         [[ 0.0167]],

         [[ 0.0019]],

         [[ 0.0542]],

         [[ 0.0409]],

         [[ 0.0363]],

         [[-0.0253]],

         [[-0.0140]],

         [[ 0.0384]],

         [[ 0.0450]],

         [[-0.0061]],

         [[-0.0335]],

         [[-0.0052]],

         [[-0.0158]],

         [[-0.0464]],

         [[ 0.0165]],

         [[-0.0448]],

         [[ 0.0403]],

         [[ 0.0178]],

         [[-0.0453]],

         [[-0.0372]],

         [[-0.0193]],

         [[ 0.0005]],

         [[ 0.0398]],

         [[-0.0106]],

         [[ 0.0115]],

         [[ 0.0256]],

         [[ 0.0316]],

         [[ 0.0191]],

         [[ 0.0429]],

         [[ 0.0546]],

         [[ 0.0040]],

         [[ 0.0324]],

         [[ 0.0087]],

         [[-0.0272]],

         [[-0.0419]],

         [[-0.0366]],

         [[-0.0051]],

         [[-0.0225]],

         [[ 0.0578]],

         [[ 0.0506]],

         [[-0.0317]],

         [[-0.0543]],

         [[-0.0230]],

         [[-0.0567]],

         [[ 0.0060]],

         [[-0.0579]],

         [[-0.0463]],

         [[ 0.0299]],

         [[ 0.0206]],

         [[ 0.0228]],

         [[-0.0235]],

         [[-0.0551]],

         [[-0.0020]],

         [[ 0.0372]],

         [[ 0.0135]],

         [[-0.0425]],

         [[-0.0459]],

         [[-0.0516]],

         [[-0.0522]],

         [[ 0.0493]],

         [[ 0.0532]],

         [[ 0.0328]],

         [[-0.0087]],

         [[-0.0461]],

         [[ 0.0235]],

         [[ 0.0311]],

         [[ 0.0607]],

         [[-0.0071]],

         [[ 0.0439]],

         [[-0.0058]],

         [[ 0.0492]],

         [[ 0.0425]]]])
net1.0.bias: tensor([0.0608, 0.0131])
net1.1.weight: tensor([1., 1.])
net1.1.bias: tensor([0., 0.])
net1.1.running_mean: tensor([0., 0.])
net1.1.running_var: tensor([1., 1.])
net1.1.num_batches_tracked: 0
net1.4.weight: tensor([[ 0.0739, -0.0539,  0.0635,  ...,  0.0047,  0.0499, -0.0326],
        [ 0.0470,  0.0241,  0.0813,  ..., -0.0189,  0.0869,  0.0542],
        [-0.0739, -0.0154, -0.0568,  ..., -0.0043, -0.0260, -0.0128],
        ...,
        [-0.0539, -0.0026, -0.0095,  ..., -0.0399,  0.0463,  0.0291],
        [ 0.0808,  0.0413,  0.0711,  ..., -0.0333,  0.0289, -0.0289],
        [-0.0182, -0.0189,  0.0344,  ..., -0.0263, -0.0867,  0.0038]])
net1.4.bias: tensor([-0.0070,  0.0781,  0.0854,  ...,  0.0408,  0.0749, -0.0771])
net2.0.weight: tensor([[[[-0.0094]],

         [[ 0.0466]],

         [[-0.0563]],

         [[ 0.0268]],

         [[-0.0128]],

         [[ 0.0036]],

         [[ 0.0124]],

         [[-0.0014]],

         [[ 0.0530]],

         [[-0.0400]],

         [[-0.0436]],

         [[-0.0291]],

         [[-0.0478]],

         [[ 0.0525]],

         [[ 0.0170]],

         [[ 0.0234]],

         [[ 0.0464]],

         [[-0.0496]],

         [[ 0.0409]],

         [[ 0.0167]],

         [[-0.0430]],

         [[-0.0521]],

         [[-0.0180]],

         [[-0.0083]],

         [[-0.0527]],

         [[ 0.0047]],

         [[-0.0055]],

         [[-0.0355]],

         [[ 0.0345]],

         [[-0.0063]],

         [[-0.0128]],

         [[ 0.0282]],

         [[-0.0450]],

         [[ 0.0215]],

         [[ 0.0140]],

         [[ 0.0092]],

         [[ 0.0568]],

         [[ 0.0621]],

         [[-0.0583]],

         [[-0.0458]],

         [[ 0.0009]],

         [[ 0.0055]],

         [[-0.0518]],

         [[-0.0130]],

         [[-0.0363]],

         [[ 0.0135]],

         [[ 0.0429]],

         [[ 0.0161]],

         [[-0.0566]],

         [[ 0.0402]],

         [[-0.0154]],

         [[ 0.0587]],

         [[-0.0488]],

         [[-0.0418]],

         [[ 0.0574]],

         [[ 0.0125]],

         [[ 0.0089]],

         [[ 0.0317]],

         [[ 0.0240]],

         [[ 0.0212]],

         [[-0.0333]],

         [[ 0.0543]],

         [[ 0.0254]],

         [[ 0.0485]],

         [[-0.0192]],

         [[-0.0424]],

         [[ 0.0321]],

         [[-0.0012]],

         [[ 0.0398]],

         [[ 0.0342]],

         [[ 0.0488]],

         [[ 0.0558]],

         [[-0.0324]],

         [[ 0.0368]],

         [[-0.0372]],

         [[ 0.0161]],

         [[-0.0394]],

         [[ 0.0416]],

         [[ 0.0395]],

         [[-0.0558]],

         [[ 0.0416]],

         [[-0.0370]],

         [[ 0.0291]],

         [[-0.0373]],

         [[-0.0610]],

         [[ 0.0362]],

         [[-0.0587]],

         [[-0.0312]],

         [[-0.0342]],

         [[-0.0489]],

         [[ 0.0160]],

         [[ 0.0397]],

         [[-0.0287]],

         [[ 0.0558]],

         [[ 0.0125]],

         [[ 0.0163]],

         [[-0.0292]],

         [[-0.0311]],

         [[-0.0219]],

         [[ 0.0422]],

         [[-0.0040]],

         [[-0.0228]],

         [[ 0.0432]],

         [[-0.0310]],

         [[ 0.0177]],

         [[ 0.0445]],

         [[ 0.0120]],

         [[ 0.0580]],

         [[ 0.0565]],

         [[ 0.0413]],

         [[ 0.0125]],

         [[-0.0572]],

         [[ 0.0210]],

         [[ 0.0537]],

         [[ 0.0295]],

         [[ 0.0349]],

         [[ 0.0265]],

         [[-0.0091]],

         [[-0.0175]],

         [[ 0.0229]],

         [[ 0.0514]],

         [[-0.0457]],

         [[ 0.0065]],

         [[ 0.0390]],

         [[-0.0147]],

         [[ 0.0040]],

         [[-0.0401]],

         [[-0.0364]],

         [[ 0.0498]],

         [[ 0.0301]],

         [[ 0.0483]],

         [[ 0.0423]],

         [[ 0.0568]],

         [[ 0.0042]],

         [[ 0.0092]],

         [[-0.0401]],

         [[-0.0277]],

         [[ 0.0219]],

         [[ 0.0243]],

         [[ 0.0334]],

         [[ 0.0388]],

         [[-0.0488]],

         [[ 0.0435]],

         [[ 0.0532]],

         [[-0.0217]],

         [[-0.0428]],

         [[ 0.0624]],

         [[ 0.0365]],

         [[-0.0621]],

         [[-0.0014]],

         [[ 0.0313]],

         [[ 0.0482]],

         [[-0.0269]],

         [[-0.0559]],

         [[ 0.0612]],

         [[-0.0196]],

         [[ 0.0082]],

         [[ 0.0188]],

         [[-0.0489]],

         [[-0.0255]],

         [[-0.0299]],

         [[-0.0026]],

         [[-0.0093]],

         [[ 0.0223]],

         [[-0.0286]],

         [[ 0.0221]],

         [[ 0.0623]],

         [[-0.0077]],

         [[ 0.0611]],

         [[-0.0548]],

         [[-0.0495]],

         [[-0.0305]],

         [[ 0.0569]],

         [[ 0.0298]],

         [[ 0.0102]],

         [[-0.0235]],

         [[-0.0350]],

         [[ 0.0322]],

         [[-0.0233]],

         [[ 0.0345]],

         [[-0.0445]],

         [[ 0.0564]],

         [[-0.0007]],

         [[ 0.0343]],

         [[ 0.0558]],

         [[-0.0210]],

         [[ 0.0422]],

         [[-0.0483]],

         [[-0.0095]],

         [[ 0.0139]],

         [[ 0.0406]],

         [[-0.0314]],

         [[ 0.0494]],

         [[ 0.0057]],

         [[ 0.0042]],

         [[ 0.0390]],

         [[ 0.0223]],

         [[ 0.0342]],

         [[-0.0469]],

         [[ 0.0333]],

         [[ 0.0226]],

         [[-0.0093]],

         [[-0.0225]],

         [[ 0.0530]],

         [[-0.0582]],

         [[-0.0267]],

         [[ 0.0401]],

         [[ 0.0542]],

         [[-0.0309]],

         [[ 0.0188]],

         [[ 0.0008]],

         [[-0.0361]],

         [[-0.0114]],

         [[-0.0438]],

         [[-0.0434]],

         [[-0.0275]],

         [[ 0.0032]],

         [[ 0.0283]],

         [[ 0.0529]],

         [[ 0.0603]],

         [[ 0.0439]],

         [[ 0.0123]],

         [[ 0.0176]],

         [[ 0.0322]],

         [[ 0.0289]],

         [[ 0.0131]],

         [[-0.0595]],

         [[ 0.0279]],

         [[ 0.0440]],

         [[-0.0536]],

         [[-0.0079]],

         [[-0.0338]],

         [[-0.0200]],

         [[-0.0179]],

         [[ 0.0436]],

         [[ 0.0462]],

         [[-0.0505]],

         [[ 0.0352]],

         [[-0.0035]],

         [[ 0.0287]],

         [[-0.0441]],

         [[-0.0413]],

         [[ 0.0367]],

         [[-0.0308]],

         [[-0.0220]],

         [[ 0.0234]],

         [[-0.0349]],

         [[ 0.0390]],

         [[-0.0417]],

         [[ 0.0422]],

         [[ 0.0177]],

         [[-0.0510]],

         [[ 0.0348]],

         [[ 0.0358]],

         [[-0.0498]],

         [[-0.0034]]]])
net2.0.bias: tensor([-0.0377])
net2.1.weight: tensor([1.])
net2.1.bias: tensor([0.])
net2.1.running_mean: tensor([0.])
net2.1.running_var: tensor([1.])
net2.1.num_batches_tracked: 0
net2.4.weight: tensor([[-0.0270,  0.0130,  0.0109,  ...,  0.0715, -0.0745, -0.0882],
        [ 0.0298, -0.0736,  0.1064,  ..., -0.0436, -0.0903,  0.1239],
        [-0.0907, -0.0697,  0.0891,  ..., -0.1211,  0.1103,  0.1048],
        ...,
        [-0.0282, -0.0802, -0.0181,  ...,  0.0567, -0.0525, -0.0253],
        [-0.0664, -0.1011, -0.1119,  ...,  0.0393,  0.1024, -0.0218],
        [ 0.0897,  0.0950,  0.0304,  ...,  0.1122, -0.0178,  0.0976]])
net2.4.bias: tensor([-0.1015,  0.0591,  0.0308, -0.1009,  0.0655, -0.0446,  0.0712, -0.1151,
         0.0761, -0.0737, -0.0643, -0.0398,  0.0340, -0.0485,  0.0710,  0.0107,
         0.0471,  0.0726, -0.0750,  0.0534,  0.1131,  0.0770, -0.0249, -0.0609,
         0.0293,  0.0027, -0.0527, -0.1178,  0.0744, -0.0453, -0.0164,  0.0634,
         0.1004,  0.1137,  0.0206, -0.0258, -0.0378,  0.0365, -0.0236, -0.0007,
         0.1200, -0.0822,  0.0273,  0.1077, -0.0595, -0.0504,  0.0495,  0.0530,
         0.0652,  0.0576, -0.0321,  0.0828, -0.0567,  0.0901,  0.0788,  0.0435,
        -0.0328,  0.0236, -0.0664, -0.0569,  0.1185,  0.1178,  0.1133,  0.1137,
         0.0688,  0.0033,  0.0705, -0.1008,  0.0695,  0.0095, -0.0352,  0.0755,
        -0.0446, -0.0602, -0.0301, -0.0943, -0.0654,  0.0257,  0.0383, -0.0549,
         0.0162, -0.0605,  0.0122,  0.0968,  0.0456,  0.0849, -0.1171,  0.1024,
        -0.0932,  0.0012, -0.0739,  0.0950,  0.0420,  0.0533, -0.1190, -0.0214,
         0.0666, -0.0734, -0.0726,  0.0206,  0.1079, -0.0190, -0.0700, -0.0464,
         0.1015, -0.0149, -0.0268,  0.0445,  0.1124,  0.0767,  0.0521,  0.0118,
         0.1018, -0.0359, -0.0565,  0.0336, -0.0345, -0.0302,  0.0641, -0.0769,
         0.0276,  0.0124, -0.1135,  0.0254, -0.0981, -0.0337,  0.0954, -0.1027,
        -0.0709, -0.1089, -0.1061,  0.0881, -0.0214, -0.1064, -0.0353,  0.0680,
        -0.0310,  0.0746,  0.0584,  0.0359, -0.0960,  0.0621,  0.0643,  0.0528,
        -0.0104,  0.1184, -0.0680, -0.0160,  0.0200, -0.0323, -0.0464, -0.0576,
         0.0191,  0.1006, -0.0515,  0.0931,  0.0017, -0.0514, -0.0784,  0.0261,
         0.0272,  0.0888, -0.0994, -0.0902, -0.0278,  0.0298,  0.0234,  0.0781,
         0.0523,  0.0423, -0.0717,  0.0976, -0.0463, -0.0063,  0.1182,  0.0877,
        -0.0454,  0.1142,  0.1107, -0.0843,  0.1094,  0.0468, -0.0560, -0.0720,
        -0.0615,  0.0137, -0.0652,  0.1159, -0.0207, -0.1216, -0.0504, -0.0601,
         0.1142,  0.0708,  0.0954, -0.1113,  0.1052, -0.0081,  0.0403,  0.0390,
         0.1221, -0.0062,  0.0565,  0.0333, -0.1061,  0.1168, -0.0298, -0.0534,
         0.0393,  0.0513,  0.0590,  0.1039,  0.1042,  0.1102,  0.0387, -0.1017,
        -0.1177, -0.0855,  0.0990,  0.0575,  0.0186,  0.0576,  0.0131,  0.1232,
         0.0974, -0.0134, -0.1177,  0.0557,  0.0443, -0.0767,  0.0670, -0.1043,
        -0.0079, -0.0502, -0.1196, -0.1085,  0.0315,  0.0720, -0.0953, -0.0397,
         0.0259, -0.0030, -0.1243, -0.1127,  0.0009, -0.0861, -0.1237,  0.0680,
        -0.0566,  0.0403, -0.0787,  0.0944, -0.1229,  0.1215,  0.1111,  0.0139])
net2.6.weight: tensor([[ 0.0574,  0.0046,  0.0007,  0.0212, -0.0172, -0.0231, -0.0128, -0.0086,
         -0.0296,  0.0024, -0.0556, -0.0576,  0.0128,  0.0439,  0.0331, -0.0415,
         -0.0078,  0.0286,  0.0348, -0.0465,  0.0572,  0.0518, -0.0037, -0.0089,
         -0.0334,  0.0005, -0.0104,  0.0158, -0.0117,  0.0172, -0.0369, -0.0243,
         -0.0573, -0.0584, -0.0537,  0.0406,  0.0611, -0.0247, -0.0242, -0.0311,
          0.0603,  0.0407, -0.0435, -0.0608,  0.0474,  0.0004,  0.0392,  0.0258,
         -0.0432,  0.0596, -0.0167,  0.0431,  0.0332, -0.0403,  0.0602, -0.0482,
          0.0058,  0.0460, -0.0504, -0.0580, -0.0346,  0.0554, -0.0011,  0.0422,
         -0.0579,  0.0071,  0.0111, -0.0084,  0.0057,  0.0228, -0.0440,  0.0387,
         -0.0349,  0.0050,  0.0206, -0.0544,  0.0128, -0.0579, -0.0400,  0.0112,
          0.0398, -0.0259, -0.0182,  0.0066, -0.0085,  0.0479, -0.0613, -0.0043,
         -0.0074,  0.0358, -0.0531, -0.0036,  0.0489,  0.0181, -0.0328,  0.0471,
          0.0423,  0.0235, -0.0543, -0.0272, -0.0212, -0.0402, -0.0592,  0.0528,
          0.0461, -0.0521, -0.0301, -0.0226,  0.0237,  0.0181,  0.0368, -0.0367,
         -0.0395, -0.0022, -0.0195,  0.0215, -0.0383, -0.0127,  0.0400, -0.0484,
          0.0230, -0.0261,  0.0246, -0.0003,  0.0357,  0.0357,  0.0145, -0.0133,
         -0.0592, -0.0596,  0.0362, -0.0360, -0.0580,  0.0097, -0.0238, -0.0191,
         -0.0019,  0.0081, -0.0253, -0.0434, -0.0178,  0.0071,  0.0559, -0.0614,
         -0.0255,  0.0469, -0.0522, -0.0128,  0.0104,  0.0183,  0.0327,  0.0091,
          0.0050, -0.0320,  0.0014, -0.0360, -0.0323, -0.0339, -0.0213,  0.0609,
          0.0191, -0.0091,  0.0056,  0.0380,  0.0221, -0.0471, -0.0296, -0.0014,
          0.0139, -0.0534, -0.0172, -0.0224, -0.0163, -0.0065,  0.0091,  0.0375,
         -0.0557,  0.0305, -0.0614,  0.0601, -0.0168,  0.0609, -0.0004, -0.0488,
         -0.0162,  0.0323, -0.0183,  0.0533,  0.0270,  0.0401,  0.0502,  0.0419,
          0.0144,  0.0222,  0.0459,  0.0383, -0.0525, -0.0297,  0.0444,  0.0583,
         -0.0471, -0.0018, -0.0425,  0.0576, -0.0179, -0.0587, -0.0243, -0.0297,
         -0.0533,  0.0046,  0.0446,  0.0041,  0.0257,  0.0208, -0.0341,  0.0531,
         -0.0083, -0.0297, -0.0228, -0.0491,  0.0551,  0.0599,  0.0404, -0.0407,
         -0.0438, -0.0607,  0.0039,  0.0301,  0.0458, -0.0508,  0.0118,  0.0598,
         -0.0197, -0.0584,  0.0227, -0.0215, -0.0434, -0.0449, -0.0479,  0.0483,
          0.0430, -0.0601,  0.0112,  0.0592,  0.0101, -0.0442, -0.0128,  0.0585,
         -0.0305,  0.0224, -0.0288,  0.0540, -0.0242, -0.0177,  0.0275,  0.0575]])
net2.6.bias: tensor([0.0450])
